1 0.50625 0.0921875 0.01953125 0.034375
1 0.753125 0.15390625 0.0296875 0.0390625
1 0.52734375 0.59375 0.0640625 0.090625
1 0.71328125 0.86328125 0.0296875 0.0484375
1 0.68828125 0.74296875 0.0171875 0.01640625
1 0.85859375 0.6265625 0.0109375 0.03359375
1 0.36015625 0.94453125 0.0421875 0.071875
1 0.39296875 0.9640625 0.015625 0.0390625
1 0.22734375 0.94375 0.025 0.084375
1 0.153125 0.83046875 0.0546875 0.13046875
1 0.0953125 0.81015625 0.0203125 0.11796875
1 0.10078125 0.903125 0.0375 0.04140625