1 0.53828125 0.1359375 0.0203125 0.03359375
1 0.7875 0.20390625 0.02890625 0.03359375
1 0.35 0.03671875 0.01640625 0.02890625
1 0.01796875 0.15859375 0.021875 0.03046875
1 0.4578125 0.44609375 0.01171875 0.025
1 0.5359375 0.64375 0.06015625 0.09296875
1 0.690625 0.79921875 0.015625 0.015625
1 0.7109375 0.9203125 0.02734375 0.04609375
1 0.86796875 0.68515625 0.0109375 0.03203125
1 0.14296875 0.87890625 0.05 0.128125
1 0.0875 0.95234375 0.03984375 0.04296875
1 0.7828125 0.121875 0.02265625 0.01796875