1 0.06484375 0.26875 0.0109375 0.040625
1 0.1390625 0.1453125 0.0203125 0.01796875
1 0.1734375 0.30546875 0.01015625 0.028125
1 0.315625 0.3078125 0.0171875 0.0375
1 0.3875 0.403125 0.02421875 0.03046875
1 0.61015625 0.48671875 0.0140625 0.0625
1 0.634375 0.2234375 0.0140625 0.08046875
1 0.6828125 0.21640625 0.01171875 0.025
1 0.625 0.0515625 0.01015625 0.03359375
1 0.50625 0.2484375 0.01484375 0.04453125
1 0.8359375 0.78203125 0.03125 0.046875
1 0.71875 0.78515625 0.01171875 0.05390625
1 0.5140625 0.690625 0.01953125 0.0375
1 0.4515625 0.7640625 0.0171875 0.01953125
1 0.415625 0.9515625 0.0359375 0.03359375
1 0.53828125 0.93203125 0.0359375 0.04453125
1 0.775 0.97109375 0.01875 0.028125
1 0.821875 0.9765625 0.015625 0.0140625
1 0.2390625 0.84609375 0.0265625 0.03359375