1 0.66796875 0.3640625 0.0234375 0.03359375
1 0.65 0.2265625 0.00703125 0.03046875
1 0.7796875 0.3234375 0.02265625 0.03046875
1 0.2984375 0.20234375 0.015625 0.0375
1 0.06953125 0.153125 0.0765625 0.1
1 0.2453125 0.4328125 0.01640625 0.03203125
1 0.1234375 0.584375 0.03046875 0.034375
1 0.2109375 0.70859375 0.0203125 0.01953125
1 0.2390625 0.7015625 0.02265625 0.03359375
1 0.265625 0.82890625 0.01640625 0.053125
1 0.41796875 0.73828125 0.034375 0.0875
1 0.446875 0.7265625 0.01328125 0.0390625
1 0.43828125 0.96328125 0.040625 0.05390625
1 0.6734375 0.83125 0.01328125 0.03203125
1 0.80703125 0.04609375 0.0203125 0.01953125
1 0.0625 0.859375 0.01015625 0.03359375