1 0.259375 0.52421875 0.02734375 0.034375
1 0.18125 0.79609375 0.009375 0.03359375
1 0.1359375 0.875 0.01640625 0.0390625
1 0.1359375 0.9359375 0.01640625 0.03359375
1 0.39296875 0.78671875 0.01875 0.0515625
1 0.3671875 0.6546875 0.02109375 0.0265625
1 0.3375 0.659375 0.0203125 0.015625
1 0.575 0.703125 0.01171875 0.040625
1 0.565625 0.940625 0.040625 0.0515625
1 0.8 0.215625 0.00859375 0.0375
1 0.815625 0.36015625 0.02265625 0.03203125
1 0.44765625 0.159375 0.015625 0.0375
1 0.221875 0.08125 0.06953125 0.1015625
1 0.80234375 0.83359375 0.0140625 0.03046875
1 0.54453125 0.71328125 0.0359375 0.090625