1 0.69453125 0.7921875 0.0171875 0.040625
1 0.7546875 0.7359375 0.01328125 0.078125
1 0.63125 0.90859375 0.04375 0.0359375
1 0.6421875 0.515625 0.01796875 0.02890625
1 0.5796875 0.5140625 0.01875 0.021875
1 0.53671875 0.5515625 0.0203125 0.03359375
1 0.49375 0.55390625 0.01171875 0.03046875
1 0.4140625 0.465625 0.02109375 0.084375
1 0.396875 0.346875 0.01640625 0.04296875
1 0.34453125 0.471875 0.015625 0.071875
1 0.1 0.37890625 0.02578125 0.046875
1 0.1359375 0.334375 0.02421875 0.01796875
1 0.03359375 0.96484375 0.0328125 0.05390625
1 0.4703125 0.79921875 0.02109375 0.03203125
1 0.94375 0.76484375 0.01640625 0.040625