1 0.228125 0.95 0.02890625 0.053125
1 0.39609375 0.6296875 0.021875 0.0265625
1 0.13828125 0.65703125 0.025 0.028125
1 0.3078125 0.3671875 0.02421875 0.04609375
1 0.34453125 0.321875 0.0203125 0.02109375
1 0.59375 0.3375 0.015625 0.04140625
1 0.5421875 0.46328125 0.01796875 0.0734375
1 0.609375 0.45625 0.01796875 0.084375
1 0.725 0.546875 0.01875 0.03046875
1 0.76875 0.509375 0.01796875 0.0265625
1 0.8296875 0.51328125 0.01953125 0.02890625
1 0.940625 0.73046875 0.0125 0.078125
1 0.88203125 0.78671875 0.015625 0.0375
1 0.8234375 0.9015625 0.0375 0.0390625
1 0.65625 0.78984375 0.02109375 0.034375