1 0.18515625 0.359375 0.021875 0.040625
1 0.178125 0.1625 0.03515625 0.0390625
1 0.0890625 0.1640625 0.01796875 0.046875
1 0.0203125 0.43359375 0.02734375 0.028125
1 0.0734375 0.44375 0.01328125 0.02890625
1 0.128125 0.66953125 0.0140625 0.03359375
1 0.16875 0.59140625 0.01015625 0.01953125
1 0.21875 0.58046875 0.0515625 0.04453125
1 0.19375 0.628125 0.028125 0.046875
1 0.271875 0.703125 0.02421875 0.0640625
1 0.4640625 0.65703125 0.0140625 0.03359375
1 0.67265625 0.67734375 0.0359375 0.034375
1 0.5359375 0.1921875 0.015625 0.040625