1 0.1484375 0.159375 0.02109375 0.0625
1 0.17265625 0.134375 0.015625 0.03046875
1 0.1234375 0.04765625 0.0328125 0.03203125
1 0.0390625 0.07734375 0.02734375 0.01796875
1 0.45234375 0.08828125 0.0484375 0.034375
1 0.815625 0.0765625 0.03046875 0.03359375
1 0.9296875 0.04296875 0.01484375 0.025
1 0.81484375 0.39375 0.0203125 0.0265625
1 0.7484375 0.7796875 0.02578125 0.04296875
1 0.50703125 0.89296875 0.0109375 0.0359375
1 0.20234375 0.91171875 0.03125 0.0375
1 0.0796875 0.728125 0.01953125 0.02890625