1 0.38125 0.078125 0.0203125 0.0359375
1 0.1015625 0.178125 0.01640625 0.025
1 0.11953125 0.2421875 0.0171875 0.04609375
1 0.0609375 0.24609375 0.0078125 0.028125
1 0.521875 0.3703125 0.0296875 0.0375
1 0.1171875 0.825 0.03515625 0.0359375
1 0.49453125 0.94609375 0.028125 0.0359375
1 0.4640625 0.6875 0.0234375 0.028125
1 0.665625 0.9125 0.03203125 0.0390625
1 0.78828125 0.73046875 0.0234375 0.046875
1 0.8625 0.275 0.01796875 0.053125
1 0.9625 0.284375 0.01328125 0.0390625
1 0.2453125 0.2078125 0.0515625 0.10390625
1 0.728125 0.871875 0.03046875 0.121875