1 0.23125 0.190625 0.04765625 0.090625
1 0.34453125 0.2171875 0.021875 0.03203125
1 0.3984375 0.22265625 0.00859375 0.0234375
1 0.44375 0.15703125 0.01640625 0.021875
1 0.4609375 0.225 0.0203125 0.04140625
1 0.728125 0.08046875 0.02265625 0.0359375
1 0.853125 0.37109375 0.03359375 0.0359375
1 0.9234375 0.56796875 0.025 0.01953125
1 0.7890625 0.93984375 0.034375 0.034375
1 0.96875 0.9140625 0.03671875 0.0390625
1 0.4265625 0.790625 0.040625 0.03046875
1 0.228125 0.459375 0.02890625 0.02109375
1 0.1796875 0.503125 0.0140625 0.04453125