1 0.28125 0.80546875 0.0421875 0.03359375
1 0.325 0.2203125 0.01953125 0.04296875
1 0.30859375 0.15234375 0.01875 0.0234375
1 0.26015625 0.21953125 0.009375 0.028125
1 0.20390625 0.21328125 0.025 0.034375
1 0.0875 0.1875 0.04921875 0.09453125
1 0.0828125 0.4609375 0.03046875 0.025
1 0.034375 0.50625 0.01484375 0.0484375
1 0.596875 0.07578125 0.021875 0.040625
1 0.721875 0.37734375 0.03203125 0.034375
1 0.7953125 0.578125 0.02578125 0.021875
1 0.965625 0.759375 0.0203125 0.05
1 0.9015625 0.896875 0.028125 0.121875
1 0.8359375 0.93515625 0.03671875 0.040625
1 0.6546875 0.959375 0.03359375 0.0375