1 0.1921875 0.6484375 0.0203125 0.021875
1 0.571875 0.31171875 0.01640625 0.02109375
1 0.5359375 0.359375 0.01953125 0.04453125
1 0.4109375 0.34921875 0.02421875 0.02890625
1 0.6171875 0.6203125 0.01953125 0.0265625
1 0.81875 0.3265625 0.015625 0.04140625
1 0.76484375 0.45 0.0171875 0.075
1 0.83125 0.44140625 0.01953125 0.0890625
1 0.9359375 0.53515625 0.01796875 0.034375
1 0.97890625 0.496875 0.0171875 0.0234375
1 0.365625 0.646875 0.02265625 0.0265625
1 0.453125 0.93671875 0.0265625 0.05390625
1 0.5234375 0.890625 0.01796875 0.01796875
1 0.121875 0.87265625 0.01484375 0.034375
1 0.0109375 0.75859375 0.01640625 0.03359375
1 0.86875 0.77890625 0.01796875 0.03359375
1 0.0890625 0.2453125 0.0265625 0.040625