1 0.521875 0.65078125 0.01640625 0.04609375
1 0.571875 0.3359375 0.021875 0.03359375
1 0.35078125 0.27734375 0.015625 0.059375
1 0.378125 0.1640625 0.0171875 0.028125
1 0.246875 0.27265625 0.01484375 0.0375
1 0.2078125 0.27578125 0.0171875 0.0265625
1 0.1109375 0.25625 0.02734375 0.0625
1 0.0859375 0.2421875 0.0265625 0.02890625
1 0.103125 0.43515625 0.01953125 0.034375
1 0.07890625 0.5140625 0.025 0.021875
1 0.4671875 0.440625 0.0078125 0.028125
1 0.92578125 0.63359375 0.0265625 0.0609375
1 0.884375 0.6390625 0.009375 0.0359375
1 0.5234375 0.7109375 0.03828125 0.03359375
1 0.1484375 0.5140625 0.01171875 0.071875
1 0.803125 0.671875 0.03125 0.07109375
1 0.6203125 0.1609375 0.01171875 0.05
1 0.8953125 0.15 0.028125 0.046875