1 0.128125 0.16875 0.0453125 0.090625
1 0.24296875 0.2046875 0.025 0.03203125
1 0.3 0.2140625 0.00859375 0.028125
1 0.34765625 0.1484375 0.01875 0.025
1 0.3625 0.21640625 0.02109375 0.04453125
1 0.634375 0.08671875 0.021875 0.0375
1 0.1171875 0.4421875 0.03046875 0.0265625
1 0.06796875 0.48671875 0.015625 0.04609375
1 0.309375 0.79375 0.0421875 0.0375
1 0.7515625 0.390625 0.03515625 0.0375
1 0.67421875 0.965625 0.0328125 0.0359375
1 0.8546875 0.95 0.03359375 0.0390625
1 0.9203125 0.9171875 0.02734375 0.1234375
1 0.984375 0.7859375 0.01875 0.053125